# Created by Octave 3.6.4, Mon Nov 16 02:13:46 2015 CET <boris@Boriss-MacBook-Air.local>
# name: FE
# type: matrix
# rows: 6
# columns: 6
 -18979.15313200977 74027.271514676 955127974366.9838 2160823.017153137 0 0
 0.002013055107205447 -74027.271514676 0 0 0 0
 18979.15103128008 0 -955127974397.3744 14883.33553801912 0 0
 8.767458406409252e-05 0 30.39062089784571 -2175792.082098282 0.03133341182443206 0
 0 0 0 85.72940712613784 -175.1514087638716 0.9553064100965015
 0 0 0 0 175.1200753520471 -0.9553064100965015


