# Created by Octave 3.6.4, Sun Nov 15 17:00:16 2015 CET <boris@Boriss-MacBook-Air.local>
# name: Kl
# type: sparse matrix
# nnz: 566
# rows: 275
# columns: 275
2 1 28.29825428453906
3 1 30.07349085159672
4 1 29.01105135444984
5 1 24.92520364601173
1 2 30.26720717600489
6 2 28.23514302527183
7 2 26.33917866941319
1 3 30.21704566272546
5 3 23.9241448810091
1 4 30.00122871018144
8 4 28.21722251795883
1 5 26.18995058654234
3 5 25.04533701041095
9 5 29.56519344475007
10 5 30.32384590349213
2 6 30.37008046620334
11 6 25.97659823304615
2 7 29.50739373996914
12 7 28.29458498836811
4 8 30.24001888169609
13 8 28.65767702310931
5 9 29.93511505513851
11 9 28.21745727608581
14 9 25.87292057487277
5 10 29.61260892108162
15 10 27.27361487033115
6 11 25.97146992008583
9 11 30.68155074460379
16 11 17.21105792338906
17 11 -0.8215559914999897
18 11 30.84986182575803
19 11 15.25446274096388
7 12 30.20618774688522
8 13 30.6304807659309
20 13 26.77926586935989
9 14 30.99751301364522
21 14 27.88732617550396
22 14 16.45689717657981
23 14 30.62783230672646
24 14 30.32598109046614
10 15 31.2258399696802
25 15 26.84869776880881
11 16 20.86188352186911
26 16 14.74135904936609
11 17 11.21500447170466
11 18 30.27331699184021
11 19 27.60699101549907
27 19 19.47256158356247
13 20 29.6038627778626
28 20 30.10117413888315
14 21 24.74527254468158
14 22 19.24163431555871
29 22 30.18075611726807
14 23 30.57520029360857
25 23 30.97989802113803
30 23 28.81880454476376
14 24 30.29732404536074
31 24 27.69758000141389
15 25 28.87257005271738
23 25 30.80287638594214
16 26 29.66056769929975
32 26 21.94250015842501
19 27 25.57112934744771
33 27 14.37348470827957
20 28 28.42791121418838
22 29 29.39330738226919
34 29 25.08266976497212
23 30 26.43407005541772
24 31 30.11646126546957
26 32 29.82740008330968
35 32 26.75841798109134
27 33 21.35856491582332
36 33 28.00779332839486
29 34 28.66173229209472
37 34 22.30363047075357
32 35 30.30864174128499
38 35 21.48434327111802
33 36 28.72109697834061
39 36 29.54217946377431
34 37 29.66524600827674
40 37 22.53554523542994
41 37 26.200120005706
35 38 24.18879626921784
42 38 24.69218079938265
36 39 29.39374380932011
42 39 20.92190260765644
43 39 25.72268190718371
44 39 23.41471918989797
37 40 23.34357958018182
37 41 31.09078919795762
45 41 21.00898651724823
38 42 26.38257335188433
39 42 29.32086185029424
39 43 26.96548973898837
46 43 29.91833347483351
47 43 30.11326148474684
39 44 28.04132611909354
46 44 29.28279747681437
41 45 26.70682436103159
48 45 28.33009735908333
43 46 29.52774781781306
44 46 25.50841272240302
49 46 30.99944575630161
50 46 29.98135556852112
43 47 30.80657642329717
45 48 27.20786271275566
51 48 28.88941208906234
46 49 32.05307575517926
52 49 27.25766180918567
53 49 27.85015822771593
46 50 30.06059781465996
48 51 24.98075252881466
49 52 30.66320300296354
54 52 30.16193300110783
55 52 31.1351556278361
49 53 23.30536662718412
52 54 32.16163128598771
56 54 27.64497412406994
57 54 25.53297230768335
52 55 26.81976901293251
58 55 27.67523463669849
54 56 29.32181537352338
54 57 29.94494948574496
59 57 29.00467225659081
55 58 30.94039519783433
60 58 28.86801751300705
57 59 29.35480695782785
61 59 26.09873102228755
58 60 26.91852204991829
62 60 16.2573805937197
59 61 22.75871245242191
63 61 29.03115536038625
60 62 24.41252209626436
64 62 22.95344823805307
61 63 23.90312250199435
65 63 27.34534441709522
62 64 20.63205559687869
66 64 28.34331173779531
63 65 28.31471095330231
67 65 28.20695002708063
64 66 24.18200455027719
68 66 27.73894814239765
65 67 29.18196520462292
69 67 31.15406760941985
66 68 28.24084115737046
70 68 28.74338424307675
67 69 27.57850240254626
71 69 28.25904133827767
68 70 28.11048876947129
72 70 29.56293159984271
73 70 26.71131002157549
69 71 29.26302334985041
74 71 28.65588193863134
70 72 29.98045555871239
75 72 27.68369853037951
76 72 25.57365478793021
77 72 28.2015316345649
70 73 25.80101014225409
78 73 27.76334074306808
79 73 29.27778723600705
71 74 27.05353740719836
80 74 27.37306807178728
72 75 28.7835492145677
72 76 25.13252034852072
72 77 27.48797663880814
81 77 28.23673336223825
82 77 25.49105156747108
73 78 31.32944550273045
83 78 23.64859587416692
73 79 28.89970251436472
74 80 28.60275367657628
84 80 29.17384985726107
77 81 28.05326759977489
85 81 26.36781583247227
86 81 27.38240664638911
77 82 25.12824023341978
87 82 21.08764234455471
78 83 28.65693700632726
88 83 30.38618999724065
89 83 30.84905742427607
80 84 29.02070910331465
90 84 25.2328582363383
81 85 29.46546176333739
91 85 31.67431066568811
92 85 29.59491647186343
81 86 30.03532995754742
82 87 30.89189983554848
83 88 29.37615792238778
93 88 30.89808832638966
83 89 26.01135900738567
84 90 30.81085324880218
94 90 22.0885324250526
85 91 22.32688083149092
85 92 28.77820755018084
95 92 27.00258618601916
88 93 27.48581236203106
96 93 28.24025313129393
90 94 28.63101682775508
97 94 28.45043398360104
92 95 29.6695148286468
98 95 25.67492489977492
93 96 27.49520522421284
99 96 29.30911560131343
94 97 27.22573198053047
100 97 29.26920714173303
95 98 29.87911261372294
96 99 27.19080653629952
101 99 27.56097399880895
97 100 27.64916238636104
99 101 29.88631536863778
102 101 22.03472068473041
101 102 22.1989364760772
103 102 27.89956697567946
104 102 25.78937016733406
102 103 31.42765845509114
102 104 26.02378360776168
105 104 26.84929939665386
104 105 28.61067577618386
106 105 25.54017775047586
105 106 25.54806540753218
107 106 23.67009692121935
106 107 28.08070808296489
108 107 29.20967889838067
107 108 29.35628992713606
109 108 25.83919014018701
108 109 26.4232189364415
110 109 29.89549389523743
109 110 26.70478358373166
111 110 28.61768423312885
112 110 31.92253850764568
110 111 29.47745745086557
110 112 29.1474920701421
113 112 28.68544200773798
114 112 24.357229175966
112 113 31.52588257961557
115 113 30.12838507179124
116 113 26.51164405900243
112 114 22.91763033713055
117 114 22.27531203273044
118 114 28.29166548567972
113 115 27.24200765571388
119 115 30.04774571452202
120 115 29.39000439268924
113 116 22.94668798771676
121 116 28.26540635197168
114 117 23.98916411543556
122 117 28.75840415495344
114 118 27.71007448096108
115 119 24.07721987258497
123 119 27.30646106579178
115 120 28.71285739464457
124 120 27.79081516262369
125 120 26.10867847812442
116 121 27.62386101646948
117 122 29.02949439105238
126 122 30.14081680694344
119 123 27.44981057311702
127 123 22.85505131802966
120 124 23.73225117912848
120 125 23.24731234100979
122 126 21.80065648367498
128 126 31.2658587828045
129 126 26.65950260370098
123 127 22.30559411238756
130 127 28.48736899074125
126 128 28.04390227252519
131 128 29.50304310397709
132 128 27.71044764281251
133 128 27.51119275967455
126 129 27.56879621419804
127 130 28.90220644452722
134 130 23.12699192070857
128 131 30.87278683738138
135 131 26.85266112514929
128 132 23.59562567202364
136 132 24.58812542000971
128 133 28.01715559220454
137 133 28.99407604500833
138 133 28.40736593732786
130 134 23.75344738740734
139 134 31.21176462829369
131 135 26.61005605618543
140 135 30.87335284758943
132 136 26.70501920530928
141 136 26.95094635820142
133 137 28.73765570871642
142 137 27.73069761001826
133 138 28.37664524805442
143 138 21.95546251025281
144 138 29.76037909600725
134 139 27.18371569234176
135 140 29.42119621157914
145 140 28.13641784188652
146 140 22.93011511429066
147 140 24.95275242714347
148 140 27.66079839414903
149 140 22.16863464499608
136 141 26.64987248723813
150 141 29.39164163268533
137 142 23.63984121691345
151 142 28.7319360783744
138 143 31.35680270766507
138 144 27.30820690578687
140 145 31.44789072985667
140 146 31.17041535618031
140 147 26.07775780265564
140 148 23.5509551595125
152 148 22.02941999723486
153 148 29.4018810265514
140 149 29.28293766127444
141 150 30.86276494021216
142 151 28.98592128241511
154 151 28.11946490153435
148 152 30.30572913676794
148 153 30.86981207672742
151 154 28.42067391052004
155 154 28.07478158230691
156 154 29.16870458106274
154 155 27.23493678650161
157 155 24.11878335380924
