# Created by Octave 3.6.4, Mon Nov 16 02:13:46 2015 CET <boris@Boriss-MacBook-Air.local>
# name: NF
# type: matrix
# rows: 6
# columns: 6
 -18979.15584232741 74027.46780474238 955128113861.6621 643675.6227021529 0 0
 0.002013060445004782 -74027.46780474238 0 0 0 0
 18979.15380315007 0 -955128113891.3408 14534.69876056858 0 0
 2.61168971473463e-05 0 29.67873154297088 -658295.4545522598 0.03111546252108355 0
 0 0 0 85.13308953824426 -174.9373186085641 0.9541397049718806
 0 0 0 0 174.906203146043 -0.9541397049718806


