# Created by Octave 3.6.4, Mon Nov 16 02:13:46 2015 CET <boris@Boriss-MacBook-Air.local>
# name: SS
# type: matrix
# rows: 6
# columns: 6
 -2239.707190884823 74236.00561699498 112713422241.4888 7343.510979236122 0 0
 0.002018731302506497 -74236.00561699498 0 0 0 0
 2239.705171855561 0 -112713422248.2673 3319.651884705605 0 0
 2.979602057011016e-07 0 6.778472586551281 -10725.35694244803 0.02273143767355856 0
 0 0 0 62.19407850629914 -160.7138817256059 0.8765944487360428
 0 0 0 0 160.6911502879323 -0.8765944487360428


