# Created by Octave 3.6.4, Mon Nov 16 02:13:46 2015 CET <boris@Boriss-MacBook-Air.local>
# name: TST
# type: matrix
# rows: 6
# columns: 6
 -19656.42368873258 74235.99888693991 974068485420.9879 7416153508499.726 0 0
 0.002018731119493245 -74235.99888693991 0 0 0 0
 19355.51402090125 0 -974068489336.3905 1917507.747297961 0 0
 300.9076491002099 0 3915.402623824097 -7416156952153.728 557.7942353386202 0
 0 0 0 1526146.254416839 -746.630145687849 1.030128357644735
 0 0 0 0 188.8359103492288 -1.030128357644735


