# Created by Octave 3.6.4, Mon Nov 16 02:13:46 2015 CET <boris@Boriss-MacBook-Air.local>
# name: vi
# type: matrix
# rows: 275
# columns: 1
 1
 1
 1
 1
 1
 1
 1
 1
 1
 1
 1
 1
 1
 1
 1
 1
 2
 1
 3
 1
 1
 1
 1
 1
 1
 4
 3
 1
 1
 1
 1
 4
 4
 1
 4
 4
 1
 4
 4
 1
 1
 4
 4
 4
 1
 4
 4
 1
 4
 4
 1
 4
 4
 4
 4
 4
 4
 4
 4
 4
 4
 4
 4
 4
 4
 4
 4
 4
 4
 4
 4
 4
 4
 4
 4
 4
 4
 4
 4
 4
 4
 4
 4
 4
 4
 4
 4
 4
 4
 4
 4
 4
 4
 4
 4
 4
 4
 4
 4
 4
 4
 4
 4
 4
 4
 4
 4
 4
 4
 4
 4
 4
 4
 4
 4
 4
 4
 4
 4
 4
 4
 4
 4
 4
 4
 5
 4
 5
 5
 4
 5
 5
 5
 4
 5
 5
 5
 5
 4
 5
 5
 5
 5
 5
 5
 5
 5
 5
 5
 5
 5
 5
 5
 5
 5
 5
 5
 5
 5
 5
 5
 5
 5
 5
 5
 5
 5
 5
 5
 5
 5
 5
 5
 5
 5
 5
 5
 5
 5
 5
 5
 5
 5
 5
 5
 5
 5
 5
 5
 5
 5
 5
 5
 5
 5
 5
 5
 5
 5
 5
 5
 5
 5
 5
 5
 5
 5
 5
 6
 5
 5
 5
 5
 5
 5
 5
 5
 5
 5
 5
 5
 6
 6
 5
 5
 5
 5
 5
 5
 5
 5
 5
 5
 6
 6
 6
 5
 5
 5
 5
 6
 6
 6
 5
 5
 5
 5
 5
 5
 5
 5
 5
 5
 5
 5
 5
 5
 5
 5
 5
 5
 5
 5
 5
 5
 5
 5
 5
 5
 5
 5
 5
 5
 5
 5


